camera_matrix:
  cols: 3
  data: [589.7885415270223, 0.0, 324.3911847244926, 0.0, 607.786276715943, 212.89141368611158,
    0.0, 0.0, 1.0]
  rows: 3
camera_name: rishabot/camera_node
distortion_coefficients:
  cols: 5
  data: [-0.654791696534278, 0.6441442851123875, -0.014514625031222264, 0.000613829287455064,
    0.0]
  rows: 1
distortion_model: plumb_bob
image_height: 480
image_width: 640
projection_matrix:
  cols: 4
  data: [499.3523864746094, 0.0, 324.03701216870286, 0.0, 0.0, 537.07421875, 200.6942437987309,
    0.0, 0.0, 0.0, 1.0, 0.0]
  rows: 3
rectification_matrix:
  cols: 3
  data: [1.0, 0.0, 0.0, 0.0, 1.0, 0.0, 0.0, 0.0, 1.0]
  rows: 3
