camera_matrix:
  cols: 3
  data: [610.4556669448498, 0.0, 312.7556379486246, 0.0, 673.8465991495351, 145.62699589752856,
    0.0, 0.0, 1.0]
  rows: 3
camera_name: rishabot/camera_node
distortion_coefficients:
  cols: 5
  data: [-0.6171038444808371, 0.5602097374467911, -0.028222866244964076, 0.0020634762455879687,
    0.0]
  rows: 1
distortion_model: plumb_bob
image_height: 480
image_width: 640
projection_matrix:
  cols: 4
  data: [519.0213623046875, 0.0, 312.85745206857246, 0.0, 0.0, 569.0166625976562,
    124.17042351630698, 0.0, 0.0, 0.0, 1.0, 0.0]
  rows: 3
rectification_matrix:
  cols: 3
  data: [1.0, 0.0, 0.0, 0.0, 1.0, 0.0, 0.0, 0.0, 1.0]
  rows: 3
